14553 (16,101) (29,16)
29106 (37,113) (41,23)
22869 (2,151) (17,134)
45738 (19,199) (41,131)
33957 (23,158) (38,97)
67914 (17,251) (43,191)
83853 (26,269) (53,190)
167706 (5,409) (41,373)
124509 (82,101) (83,86)
249018 (1,499) (61,431)
195657 (64,313) (107,32)
391314 (85,617) (97,481)

30429 (13,166) (22,149)
60858 (31,211) (59,41)
71001 (61,88) (64,37)
142002 (13,373) (53,307)
99981 (59,262) (74,83)
199962 (47,403) (107,73)
544341 (79,662) (86,647)
1088682 (187,703) (247,227) 
766521 (19,872) (80,811) 
1533042 (13,1237) (149,1075) 
1788549 (55,1318) (278,689)
3577098 (421,751) (137,1805)

75141 (10,271) (25,254)
150282 (61,295) (89,125)
157113 (8,395) (83,200)
314226 (25,551) (95,401)
275517 (83,398) (118,197) 
551034 (17,739) (67,689)
1204533 (241,466) (266,41)
2409066 (359,467) (371,263)
2112297 (8,1453) (293,808)
4224594 (367,1391) (487,439)
4416621 (166,1987) (389,1358)
8833242 (607,1841) (323,1703)

954569 (40,963) (85,912)
1909138 (267,835) (333,155)
1500037 (57,1202) (258,607)
3000074 (353,939) (403,489)
1995917
3991834
4928693
9857386
6558013
13116026
10305449
20610898

41013 (17,190) (46,71)
82026 (61,137) (65,101)
95697 () ()
191394 (5,437) (53,379)
181629 (50,373) (83,254)
363258 (11,601) (143,125)
988869
1977738
1876833
3753666
4379277
8758554

101277 
202554
285417
570834
371349
742698
2949309
5898618
3837273
7674546
10814133
21628266

seulement les plus gros :
7889 : (20,33) 
15778 : (3,125)
36501 : (31,142)
73002 : (37,223)
85169 : (68,81)
170338 : (99,61)
133837 : (6,365) 
267674 : (25,507)
10633 : (24,29) 
21266 : (19,123)