5 :
(semi-pur)
4,351 157,6 140,159 77,306

19 : (41,80)

22
47 : (1,5)
86 : (1,8)
122 : (1,10)
16,343 ; 46,277 ; 56,233 ; 74,53

46
47 (1,1)
3698 : (7,38)
7442 : (1,86)
50,91 
44,185


39 (43 : ordre 1. 47 : ordre 4. 61 : ordre 2) 

62 (44,57) (+1 pour 246562) (183, 258 et 846 sont bons) 
183 : 1,11  (5246)
258 : 1,14
423/846 : 1,19/1,28


70
(86 : 1,4)
(47 = 40+7)
(61 = 56+5)
10,341 ; 14,331 ; 22,299 ; 38,151

73 :
4042 (1,63)
122 (1,7)
123281 : (28,257)&(35,184)

77 
86 : (1,3)
5734 : (3,71)
123281 : (40,9) ; (31,222)




Inversion des statuts de...
Multiplier par 2 : 43 61
3 : 43
5 : 43 47 
7 : 43 61
11 : 47 61
13 : 47
17 : 61
19 : 43 47
23 : 47 61
29 : 43 47 61
31 : 61
37 : 43 61
41 :
53 :

6 : 61
10 : 43
14 : -
33 : 43 47 61 