Nombres qui découpent un multiple de 1001 :

10 40 90 160 250 360 490 640 810 1000 (1000)
439 248 558 888 237 607 997 285 755 615 (6250)
283 402 992 601 230 549 948 677 426 985 (16000)
794 472 139 68 17 976 62 131 458 766 (34810)
965 173 920 846 194 563 789 706 703 348 (62410)
937 545 822 178 887 556 404 272 160 901 (100000)
909 366 692 87 831 118 101 857 94 129 (156250)
244 381 776 503 612 153 783 391 745 425 (265690)
712 978 524 222 446 633 (408040) 


(*4) (détectés : (321, 376))
10 40 160 640 558 230 920 677 706 822
285 139 556 222 888 549 194 776 101 404
615 458 831 321 283 131 524 94 376 503

(détecté : 523)
90 360 439 755 17 68 272 87 348 391
563 250 1000 997 985 937 745 978 909 633
530 118 472 887 545 178 712 846 381 523

(détecté : 699)
810 237 948 789 153 612 446 783 129 516
62 248 992 965 857 425 699 794 173 692
766 61 244 976 901 601 402 607 426 703 

Sinon :
10 250 244 94 348 692 283