Chanceux d'ordre 4 | chanceux d'ordre 2
39 : 5 11 47 | 
55 : 7 13 17 | 
65 : 3 11 19 23 31 43 59 71 103 | 29 61 97
66 : 5 7 13 23 47 53 61 79 | 17 97
69 : 5 7 17 19 67 | 13 71
77 : 3 13 17 31 41 47 59 103 | 37 53 107 137
154 : 5 17 19 47 73 | 41

Justifications : 

s69 :
71 : je m'appuie sur 2485 (6,1 & 2,47)

s77 :
chanceux d'ordre 4
3 (81 : 1,2), 13 (28561 : 15,106), 17 (83521 : 9,278), 31 (923521 : 39,898), 41 (je m'appuie sur 246 : 1,13), 47 (je m'appuie sur 141 : 1,8), 59 (je m'appuie sur 177 : 1,10)
chanceux d'ordre 2
37 (1369 : 3,26), 53 (2809 : 3,46)

