7 : 8 (1,1), 16, 32...
15 : 16 (1,1), 64, 256...
23 : 32 (1,3), 256, 2048...
31 : 32 (1,1), 256, 2048...
39 : 64 (1,5), 1024, 16384 (9,115)... 
47 : 128 (1,9), 4096
55 : 64 (1,3), 1024 (3,23), 16384 (7,117)...
71 : 512 (1,21)
79 : 128 (1,7)
87 : 256 (1,13)
95 : 1024 (3,13)
103 : 128 (1,5)
111 : 1024 (3,5)
119 : 128 (1,3)
127 : 128 (1,1)
143 : 4096 (3,53)
151 : 512 (1,19)
159 : 4096 (5,11)
167 : 8192 (7,3)
183 : 1024 (1,29)
191 : 32768 (7,153)
199 : 2048 (1,43)
215 : 65536 (15,131)
223 : 512 (1,17)
231 : 256 (1,5)
239 : 
247 : 256 (1,1)
255 : 256 (1,1)
263 : 32768 (7,141)
271 : 8192 (1,89)

