19 (123281 vs 261826180) :
Les 21 découpages de 261826180 :
10001 o 26180 :
(20,49)o(37,13)=(2073,13423)&(1553,14697) (1241,2329)
(20,49)o(31,89)=(261,16141)&(3299,7419) (365,685)
(20,49)o(29,101)=(599,15969)&(3441,6071) (1507,803)
(20,49)o(23,127)=(3667,2517)&(1413,14963) (511,959)
(20,49)o(19,139)=(1849,14031)&(3711,409) (292,548)

112420 :
(1,28)&(1,11)=(17,327)&(39,289) (803)
(2,17)&(1,17)=(17,327)&(51,251) (365)
(1,4)&(13,1)=(51,251)&(53,243) (35)
(1,1)&(10,61)=(51,251)&(71,129) (20)

2329 o 112420 :
(4,45)o(17,327)=(2073,13423)&(543,16007) (1241,10001)
(4,45)o(39,289)=(2911,10041)&(599,15969) (187,1507)
(4,45)o(53,243)=(1413,14963)&(3357,6907) (959,119)
(4,45)o(51,251)=(3299,7419)&(1291,15171) (685,85)
(4,45)o(71,129)=(3711,409)&(2679,11201) (548,68)

170017 o 1540 :
(12,409)o(3,37)=(1671,14449)&(783,15817) (35/44) (35,44)
(12,409)o(9,1)=(3669,2461)&(3693,1643) (20/77) (77,20)
(12,409)o(1,39)=(877,15723)&(59,16179) (55/28) (55,28)

Identification des derniers :
13651 o 19180 :
(23,60)o(17,117)=(1671,14449)&(3711,409) (548/35) 
(23,60)o(19,111)=(3693,1643)&(1413,14963) (959/20) 
(23,60)o(27,73)=(59,16179)&(3299,7419) (685/28) 

261826180 :
(59,16179) (28)
(261,16141) (365)
(543,16007) (10001)
(599,15969) (1507)
(783,15817) (44)
(877,15723) (55)
(1291,15171) (85)
(1413,14963) (959)
(1553,14697) (2329)
(1671,14449) (35)
(1849,14031) (292)
(2073,13423) (1241)
(2679,11201) (68)
(2911,10041) (187)
(3299,7419) (685)
(3357,6907) (119)
(3441,6071) (803)
(3667,2517) (511)
(3669,2461) (77)
(3693,1643) (20)
(3711,409) (548)