s101 : 102 (105 165... mais pas 385) (429 1001... mais pas 273) (390 910... mais pas 1430) (630 1470) (8470 9,17) 117 126 147 (693 1617 2541) 1785 (1365 2145 5005)


101
4374 (5,43)
78125 (22,171)
3 et 5 :
150, 270, 1125, 18750 (13,41)
3 et 7 :
126, 1029, 2646, 1701,
5 et 7 :
245, 1750, 17150 (13,9), 
3 et 13 :
117, 13182 (11,31) ,9126 
5 et 13 :
845, 1625, 
7 et 13 :
(pas 637/1183/1274/2366 ?)

------
101 : 1001 (1,30), 5005 (3,64) 6006 (5,59) 17017(9,94) 37037 (19,24) 59059 p-e ?
505 : 11x2 23 43 47 59x2