21 découpages de 370368460 (face à 4453)
2303 o 160820 :
(11,2)o(1,401) : (4409,1011) (4413,593) (4)
(11,2)o(13,397) : (4341,3511) (4393,1923) (43)
(11,2)o(41,359) : (3867,9287) (4031,7851) (5)
(11,2)o(83,173) : (1737,17693) (2069,17001) (17)
(11,2)o(91,59) : (467,19137) (831,18901) (11)

539 o 687140 :
(5,8)o(13,827) : (4031,7851) (4239,5381) (5)
(5,8)o(71,769) : (3277,12897) (4413,593) (4)
(5,8)o(97,713) : (2789,14919) (4341,3511) (43)
(5,8)o(127,617) : (2069,17001) (4101,7129) (17)
(5,8)o(163,427) : (831,18901) (3439,12069) (47)

25333 o 14620 :
(6,157)o(7,117) : (397,19167) (1801,17571) (20/731)
(6,157)o(11,111) : (1061,18681) (2393,16173) (68/215)
(6,157)o(21,79) : (2823,14797) (3771,10009) (85/172)

(397,19167) (731) 
(467,19137) (539) 
(831,18901) (517)
(1061,18681) (68)
(1737,17693) (799) 
(1801,17571) (20)
(2069,17001) (833)
(2393,16173) (215)
(2789,14919) (473)
(2823,14797) (85) 
(3277,12897) (44)
(3439,12069) (2303)
(3771,10009) (172)
(3867,9287) (235)
(4031,7851) (245)
(4101,7129) (187)
(4239,5381) (55)
(4341,3511) (2107) 
(4393,1923) (2021)
(4409,1011) (188)
(4413,593) (196)

----
21 découpages de 461070940 (face à 3577)
2867 o 160820 :
(7,44)o(1,401) : (2763,17777) (2851,17511) (4)
(7,44)o(13,397) : (2207,19197) (3351,15739) (43)
(7,44)o(41,359) : (709,21249) (4317,10343) (5)
(7,44)o(83,173) : (2441,18651) (4863,3427) (17)
(7,44)o(91,59) : (3591,14699) (4417,9507) (11)

671 o 687140 :
(5,14)o(13,827) : (3953,12813) (4317,10343) (5)
(5,14)o(71,769) : (2851,17511) (4839,4021) (4)
(5,14)o(97,713) : (2207,19197) (4923,767) (43)
(5,14)o(127,617) : (1307,20703) (4863,3427) (17)
(5,14)o(163,427) : (147,21463) (4417,9507) (47)

31537 o 14620 :
(28,129)o(7,117) : (2373,18817) (4179,11369) (20/731)
(28,129)o(11,111) : (1689,20171) (4527,8467) (68/215)
(28,129)o(21,79) : (497,21563) (4921,981) (85/172)

(147,21463) (2867) 
(497,21363) (172)
(709,21249) (235)
(1307,20703) (187)
(1689,20171) (215) 
(2207,19197) (2623) 
(2373,18817) (20)
(2441,18651) (799)
(2763,17777) (188) 
(2851,17511) (244) 
(3351,15739) (2021)
(3591,14699) (671)
(3953,12813) (55)
(4179,11369) (731)
(4317,10343) (305)
(4417,9507) (517) 
(4527,8467) (68)
(4839,4021) (44)
(4863,3427) (1037)
(4921,981) (85)
(4923,767) (473)

----
11 découpages de 7558540 (face à 218197)

14620 o 517 :
(2,21)o(7,117) : (87,2723) (381,2191)  (20/731)
(2,21)o(11,111) : (9,2749) (453,1913) (68/215)
(2,21)o(21,79) : (283,2457) (599,861) (85/172)

9460 o 799 :
(5,18)o(9,89) : (283,2457) (607,747) (55/172)
(5,18)o(17,63) : (9,2749) (621,481) (44/215)
(5,18)o(19,51) : (87,2723) (597,887) (20/473)

8789 o 860 :
(10,83)o(1,29) : (373,2217) (207,2597) (DS : 207,2597 de mémoire)

(9,2749) (748/10105) : erreur d'association ! (2068/3655)
(87,2723) (940/8041) 
(283,2457) (935/8084)
(373,2217) (860/8789) 
(381,2191) (220/34357) 
(453,1913) (3196/2365)
(597,887) (340/22231)
(599,861) (3995/1892)
(607,747) (2585/2924)
(621,481) (2068/3655) - erreur d'association ! (748/10105)
(207,2597) (1/7558540)

=====

4453 o 370368460 :
(14,27)o(397,19167) : (268338-+10719,517509+-105602) (257619,623111) (279057,411907) (53363) (44591) 
(14,27)o(467,19137) : (267918-+12609,516699+-124222) (255309,640921) (280527,392477) (39347) (32879)
(14,27)o(831,18901) : (264614-+22437,510327+-221046)=(242177,731373) (287051,289281) (37741) (31537)
(14,27)o(1061,18681) : (261534-+28647,504387+-282226)=(232887,786613) (290181,222161) (4964) (4148)
(14,27)o(1737,17693) : (247702-+46899,477711+-462042)=(200803,939753) (294601,15669) (48739) (58327) 
(14,27)o(1801,17571) : (245994-+48627,479066+-474417)=(197367,953483) (294621,4649) (1220) (1460)
(14,27)o(2069,17001) : (238014-+55863,550354+-459027)=(182151,1009381) (293877,91327) (50813) (60809)
(14,27)o(2393,16173) : (226422-+64611,636538+-436671) (161811,1073209) (291033,199867) (13115) (15695)
(14,27)o(2789,14919) : (208866-+75303,741874+-402813)=(133563,1144687) (284169,339061) (34529) (28853)
(14,27)o(2823,14797) : (207158-+76221,750918+-399519)=(130937,1150437) (283379,351399) (6205) (5185)
(14,27)o(3277,12897) : (180558-+88479,871682+-348219)=(92079,1219901) (269037,523463) (3212) (2684)
(14,27)o(3439,12069) : (168966-+92853,914774+-325863)=(76113,1240637) (261819,588911) (168119) (140483)
(14,27)o(3771,10009) : (140126-+101817,1003086+-270243)=(38309,1273329) (241943,732843) (10492) (12556)
(14,27)o(3867,9287) : (130018-+104409,1028622+-250749)=(25609,1279371) (234427,777873) (14335) (17155)
(14,27)o(4031,7851) : (109914-+108837,1072246+-211977)=(1077,1284223) (218751,860269) (14945) (17885) 
(14,27)o(4101,7129) : (110727-+99806,1090866+-192483)=(10921,1283349) (210533,898383) (11407) (13651)
(14,27)o(4239,5381) : (114453-+75334,1127574+-145287)=(39119,1272861) (189787,982287) (4015) (3355)
(14,27)o(4341,3511) : (117207-+49154,1154706+-94797)=(68053,1249503) (166361,1059909) (153811) (128527)
(14,27)o(4393,1923) : (118611-+26922,1168538+-51921)=(91689,1220459) (145533,1116617) (147533) (123281)
(14,27)o(4409,1011) : (119043-+14154,1172794+-27297)=(104889,1200091) (133197,1145497) (11468) (13724)
(14,27)o(4413,593) : (119151-+8302,1173858+-16011)=(110849,1189869) (127453,1157847) (14308) (11956)

3577 o 461070940 : 
(12,29)o(147,21463) : (257556-+4263,622427+-33516)=(253293,655943) (261819,588911) (209291) (140483) 
(12,29)o(497,21363) : (256356-+14413,619527+-113316)=(241943,732843) (270769,506211) (12556) (8428)
(12,29)o(709,21249) : (254988-+20561,616221+-161652)=(234427,777873) (275549,454569) (17155) (11515)
(12,29)o(1307,20703) : (248436-+37903,600387+-297996)=(210533,898383) (286339,302391) (13651) (9163)
(12,29)o(1689,20171) : (242052-+48981,584959+-385092)=(193071,970051) (291033,199867) (10535) (15695) 
(12,29)o(2207,19197) : (230364-+64003,556713+-503196)=(166361,1059909) (294367,53517) (128527) (191479)
(12,29)o(2373,18817) : (225804-+68817,545693+-541044)=(156987,1086737) (294621,4649) (980) (1460)
(12,29)o(2441,18651) : (223812-+70789,556548+-540879)=(153023,1097427) (294601,15669) (39151) (58327)
(12,29)o(2763,17777) : (213324-+80127,629964+-515533)=(133197,1145497) (293451,114431) (13724) (9212) 
(12,29)o(2851,17511) : (210132-+82679,650028+-507819)=(127453,1157847) (292811,142209) (11956) (17812) 
(12,29)o(3351,15739) : (188868-+97179,764028+-456431)=(91689,1220459) (286047,307597) (147533) (99029)
(12,29)o(3591,14699) : (176388-+104139,818748+-426271)=(72249,1245019) (280527,392477) (48983) (32879)
(12,29)o(3953,12813) : (153756-+114637,901284+-371577)=(39119,1272861) (268393,529707) (4015) (2695)
(12,29)o(4179,11369) : (136428-+121191,952812+-329701)=(15237,1282513) (257619,623111) (35819) (53363)
(12,29)o(4317,10343) : (125193-+124116,984276+-299947)=(1077,1284223) (249309,684329) (14945) (22265)  
(12,29)o(4417,9507) : (128093-+114084,1007076+-275703)=(14009,1282779) (242177,731373) (25333) (37741) 
(12,29)o(4527,8467) : (131283-+101604,1032156+-245543)=(29679,1277699) (232887,786613) (3332) (4964) 
(12,29)o(4839,4021) : (140331-+48252,1103292+-116609)=(92079,1219901) (188583,986683) (3212) (2156)
(12,29)o(4863,3427) : (141027-+41124,1108764+-99383)=(99903,1208147) (182151,1009381) (75701) (50813)
(12,29)o(4921,981) : (142709-+11772,1121988+-28449)=(130937,1150437) (154481,1093539) (6205) (4165)
(12,29)o(4923,767) : (142767-+9204,1122444+-22243)=(133563,1144687) (151971,1100201) (34529) (23177)

218197 o 7558540 :
(62,381)o(9,2749) : (170438-+3429,1047369+-10602)=(167009,1057971) (173867,1036767) (748) (10105)
(62,381)o(87,2723) : (168826-+33147,1037463+-102486)=(135679,1139949) (201973,934977) (940) (8041) 
(62,381)o(283,2457) : (152334-+107823,936117+-333374)=(44511,1269491) (260157,602743) (935) (8084)
(62,381)o(373,2217) : (142113-+137454,844677+-439394)=(4659,1284071) (279567,405283) (860) (8789) 
(62,381)o(381,2191) : (145161-+135842,834771+-448818)=(9319,1283589) (281003,385953) (34357) (220)
(62,381)o(453,1913) : (172593-+118606,728853+-533634)=(53987,1262487) (291199,195219) (3196) (2365)
(62,381)o(597,887) : (227457-+54994,703266+-337947)=(172463,1041213) (282451,365319) (22231) (340)
(62,381)o(599,861) : (228219-+53382,705622+-328041)=(174837,1033663) (281601,377581) (3995) (1892)
(62,381)o(607,747) : (231267-+46314,715046+-284607)=(184953,999653) (277581,430439) (2924) (2585)
(62,381)o(621,481) : (236601-+29822,731538+-183261)=(206779,914799) (266423,548277) (2068) (3655)
(62,381)o(207,2597) : (161014-+78867,989457+-243846)=(82147,1233303) (239881,745611) (1) (218197)


(1077,1284223) (14945)
(4659,1284071) (860)
(9319,1283589) (34357)
(10921,1283349) (11407) 
(14009,1282779) (25333) 
(15237,1282513) (35819) 
(25609,1279371) (14335) 
(29679,1277699) (3332)
(38309,1273329) (10492) 
(39119,1272861) (4015) 
(44511,1269491) (935) 
(53987,1262487) (3196)  
(68053,1249503) (153811) 
(72249,1245019) (48983) 
(76113,1240637) (168119) 
(91689,1220459) (147533) 
(92079,1219901) (3212)
(99903,1208147) (75701) 
(104889,1200091) (11468) 
(110849,1189869) (14308) 
(127453,1157847) (11956)  
(130937,1150437) (6205) 
(133197,1145497) (13724)
(133563,1144687) (34529) 
(135679,1139949) (940) 
(145533,1116617) (123281) 
(151971,1100201) (23177) 
(153023,1097427) (39151) 
(154481,1093539) (4165) 
(156987,1086737) (980) 
(161811,1073209) (13115) 
(166361,1059909) (128527) 
(167009,1057971) (2068) 
(172463,1041213) (22231)  
(173867,1036767) (3655) 
(174837,1033663) (3995) 
(182151,1009381) (50813)
(184953,999653) (2924) 
(188583,986683) (2156) 
(189787,982287) (3355) 
(193071,970051) (10535)  
(197367,953483) (1220) 
(200803,939753) (48739)  
(201973,934977) (8041) 
(206779,914799) (748) 
(210533,898383) (13651) 
(218751,860269) (17885) 
(232887,786613) (4964)
(234427,777873) (17155)
(239881,745611) (218197) 
(241943,732843) (12556) 
(242177,731373) (37741) 
(249309,684329) (22265) 
(253293,655943) (209291)  
(255309,640921) (39347) 
(257619,623111) (53363) 
(260157,602743) (8084) 
(261819,588911) (140483) 
(266423,548277) (10105) 
(268393,529707) (2695) 
(269037,523463) (2684)  
(270769,506211) (8428) 
(275549,454569) (11515) 
(277381,431439) (2585) 
(279057,411907) (44591) 
(279567,405283) (8789)
(280527,392477) (32879)  
(281003,385953) (220)
(281601,377581) (1892) 
(282451,365319) (340) 
(283379,351399) (5185) 
(284169,339061) (28853) 
(286047,307597) (99029) 
(286339,302391) (9163) 
(287051,289281) (31537)
(290181,222161) (4108) 
(291033,199867) (15695) 
(291199,195219) (2365) 
(292811,142209) (17812) 
(293451,114431) (9212) 
(293877,91327) (60809) 
(294367,53517) (191479)
(294601,15669) (58327) 
(294621,4649) (1460)
(82147,1233303) (1)

======
HORS-SUJET ! 
J'ai calculé les 5 découpages de 974780 pour rien !
(41,971) : () () (47)
(167,667) : () () (4)
(211,359) : () () (17)
(217,283) : () () (5)
(223,173) : () () (61)

Chronologie : de 16h41 à 1837, les 21,21 et 11 découpages + tous identifiés. Possibilités d'erreur.

HORS SUJET : C'était (62,381) et non (62,379). Je me suis servi mercredi de cette fausse info, me basant sur le souvenir de la promenade d'un dimanche précédent. Quasiment 20 minutes de perdues à faire tous les découpages.
Tant pis, je me suis appuyé sur les faux calculs pour passer de 379x à 381x.