1125740 (o le reste)
(1,1061) (385/2924)
(107,953) (308/3655)
(137,877) (595/1892)
(139,871) (340/3311)
(149,839) (860/1309)
(179,719) (935/1204)
(211,529) (476/2365)
(227,383) (220/5117)
(241,149) (140/8041)
(233,307) (748/1505)
(199,611)

----

52909780 (o 11651)

(219,7211) (77)
(277,7173) (799)
(303,7153) (20)
(537,6887) (731)
(549,6869) (215)
(691,6621) (517)
(771,6451) (68)
(1017,5767) (329)
(1107,5443) (119)
(1181,5139) (172)
(1231,4911) (235)
(1329,4399) (473)
(1339,4341) (85)
(1361,4209) (187)
(1467,3467) (44)
(1523,2973) (301)
(1599,2081) (188)
(1609,1929) (28)
(1641,1321) (35)
(1653,997) (2021)
(1667,333) (55)


----
68670140 (o 8977)

2623 o 26180 :
#5
(11,18)o(19,139)=(1187,6473)&(1871,1469) (244) (172)
(11,18)o(23,127)=(983,7093)&(1811,2521) (301) (427)
(11,18)o(29,101)=(589,7879)&(1633,4243) (473) (671)
(11,18)o(31,89)=(421,8081)&(1537,4877) (305) (215)
(11,18)o(37,13)=(523,7967)&(809,7499) (731) (1037)

1037 o 66220 :
#5
(2,31)o(3,257)=(421,8081)&(607,7853) (305) (85)
(2,31)o(23,237)=(239,8221)&(1187,6473) (68) (244)
(2,31)o(31,219)=(523,7967)&(1379,5611) (731) (2623)
(2,31)o(57,67)=(1633,4243)&(1901,89) (671) (187)
(2,31)o(59,9)=(1811,2521)&(1847,1963) (427) (119)

44591 o 1540 :
#3
(35,146)o(1,39)=(1219,6359)&(1511,5029) (28) (55)
(35,146)o(3,37)=(857,7397)&(1733,3407) (44) (35)
(35,146)o(9,1)=(1279,6131)&(1349,5839) (77) (20)

(1219,6359).&(1811,2521) = (1515-+296,4440+-1919) = (1,15)o(101,296) : 28
(857,7397).&(523,7967) = (690-+167,7682+-285) = (15,167)o(1,46) : (44*731)o2135 
(1279,6131).&(1187,6473) = (1233-+46,6302+-171) = (9,46)o(1,137) : (77*244)o3655


(239,8221) (68)
(421,8081) (305)
(523,7967) (731)
(589,7879) (473)
(607,7853) (85)
(809,7499) (1037)
(857,7397) (44)
(983,7093) (301)
(1187,6473) (244)
(1219,6359) (28)
(1279,6131) (77)
(1349,5839) (20)
(1379,5611) (2623)
(1511,5029) (55)
(1537,4877) (215)
(1633,4243) (671)
(1733,3407) (35)
(1811,2521) (427)
(1847,1963) (119)
(1871,1469) (172)
(1901,89) (187)


-----

11651 o 52909780 :
(23,40)o(219,7211)=(165853-+8760,288440+-95703) (77)
(23,40)o(277,7173)=(164979-+11080,286920+-121049) (799)
(23,40)o(303,7153)=(164519-+12120,286120+-132411)=(152399,418531)&(176639,153709) (1220,3820)
(23,40)o(537,6887)=() (731)
(23,40)o(549,6869)=(157987-+21960,274760+-239913) (215)
(23,40)o(691,6621)=(152283-+27640,301967+-264840) (517)
(23,40)o(771,6451) (68)
(23,40)o(1017,5767) (329)
(23,40)o(1107,5443) (119)
(23,40)o(1181,5139) (172)
(23,40)o(1231,4911) (235)
(23,40)o(1329,4399) (473)
(23,40)o(1339,4341) (85)
(23,40)o(1361,4209) (187)
(23,40)o(1467,3467) (44)
(23,40)o(1523,2973)=(68379-+60920,665551+-118920)=(7459,784471)&(129299,546631) (57491,18361)
(23,40)o(1599,2081) (188)
(23,40)o(1609,1929) (28)
(23,40)o(1641,1321) (35)
(23,40)o(1653,997) (2021)
(23,40)o(1667,333) (55)

8977 o 68670140 :
(12,79)o(239,8221) (68)
(12,79)o(421,8081) (305)
(12,79)o(523,7967) (731)
(12,79)o(589,7879) (473)
(12,79)o(607,7853) (85)
(12,79)o(809,7499) (1037)
(12,79)o(857,7397) (44)
(12,79)o(983,7093)=(85116-+77657,560347+-224124)=(7459,784471)&(162773,336223) (57491,14147)
(12,79)o(1187,6473) (244)
(12,79)o(1219,6359) (28)
(12,79)o(1279,6131) (77)
(12,79)o(1349,5839)=(106571-+70068,461281+-307572)=(36503,768853)&(176639,153709) (940,3820)
(12,79)o(1379,5611) (2623)
(12,79)o(1511,5029) (55)
(12,79)o(1537,4877) (215)
(12,79)o(1633,4243) (671)
(12,79)o(1733,3407) (35)
(12,79)o(1811,2521) (427)
(12,79)o(1847,1963) (119)
(12,79)o(1871,1469) (172)
(12,79)o(1901,89) (187)

1125740 o 547597 :
(138,431)o(1,1061)=(146418-+431,457291+-2622) (385/2924)
(138,431)o(107,953)=() (308/3655)
(138,431)o(137,877) (595/1892)
(138,431)o(139,871) (340/3311)
(138,431)o(149,839) (860/1309)
(138,431)o(179,719) (935/1204)
(138,431)o(211,529) (476/2365)
(138,431)o(227,383) (220/5117)
(138,431)o(241,149) (140/8041)
(138,431)o(233,307)=() (748/1505)
(138,431)o(199,611)=(85769-+84318,) (1/547597)
