s38 
Face paire : 3 13 29 53 59 67
Face impaire : 7 17 23 

----
6191094 (vs 419018)
377 o 16422 :
(2,15)o(1,128)=(241,1996)&(271,1844) (102/161)
(2,15)o(13,100)=(5,2488)&(395,512) (119/138)
(2,15)o(19,52)=(181,2224)&(389,664) (42/391)

986 o 6279 :
(5,6)o(1,79)=(389,664)&(401,284) (42/598)
(5,6)o(11,41)=(139,2336)&(271,1844) (39/161)
(5,6)o(5,73)=(335,1388)&(395,512) (138/182)

6409 o 966 : 
(6,71)o(5,4)=(331,1424)&(379,856) (6409/966)
2001 o 3094 :
(2,43)o(9,4)=(379,856)&(395,512)

(5,2488) (897/6902)
(139,2336) (2262/2737)
(181,2224) (273/22678)
(241,1996) (1479/4186)
(271,1844) (663/9338)
(331,1424) (966/6409)
(335,1388) (2346/2639)
(389,664) (609/10166)
(395,512) (2001/3094)
(401,284) (714/8671)
(379,856) (6191094/1)


----
238119 :
119 o 2001 : (1,9)o(2,43) = 25,463 & 61,311
161 o 1479 : (2,3)o(5,23) = 61,311 & 31,449
87 o 2737 : (1,7)o(6,37) = 5,487 & 79,31
406 o 2346 : (3,8)o(7,22) =/ 5,487 & 61,311
(5,487) (29)
(25,463) (17)
(31,449) (23)
(61,311) (7)
(79,31) (3)

484449 :
119 o 4071 : (1,9)o(7,47)=(16,689)&(110,157)
2714 o 714 : (1,26)o(5,42)=/(44,641)&(86,451)
161 o 3009 : (2,3)o(4,49)=(86,451)&(110,157)
177 o 2737 : (2,5)o(6,37)=(44,641)&(104,271)
(16,689) (17)
(44,641) (59)
(86,451) (23)
(104,271) (3)
(110,157) (7)

438183 :
161 o 2703 : (2,3)o(7,29)=(37,619)o(79,445)
2438 o 714 : (7,24)o(1,26)=/(79,445)o(103,179)
2438 o 714 : (7,24)o(1,26)=/(79,445)o(103,179)
119 o 3657 : (1,9)o(8,35)=(37,619)o(107,11)
159 o 2737 : (1,11)o(6,37)=(29,635)o(103,179)
(29,635) (3)
(37,619) (7)
(79,445) (23)
(103,179) (53)
(107,11) (17)

----
182637273 (vs 3551)

767 o 238119 
(1,27)o(5,487)=(352,13339)&(622,12959) (377,1711)
(1,27)o(25,463)=(212,13451)&(1138,11551) (2006,442)
(1,27)o(31,449)=(388,13301)&(1286,10945) (598,2714)
(1,27)o(61,311)=(1336,10715)&(1958,6079) (182,826)
(1,27)o(79,31)=(2102,3839)&(2164,2165) (39,177)

377 o 484449
(2,15)o(16,689)=(1138,11551)&(1618,9119) (442,986)
(2,15)o(44,641)=(622,12959)&(1942,6271) (1711,767)
(2,15)o(86,451)=(388,13301)&(2192,229) (598,1334)
(2,15)o(104,271)=(1018,11969)&(2102,3839) (87,39)
(2,15)o(110,157) (1336,10715)&(1964,6005) (182,406)

44486 o 16422
(25,144)o(1,128)=/(1528,9691)&(1672,8741)  (161,102)
(25,144)o(13,100)=/(314,13375)&(2186,1025) (138,119)
(25,144)o(19,52)=/(718,12769)&(2018,5281)  (42,391)

(2018,5281).&(2102,3839)=(2060-+42,4560+-721)=(20,7)o(6,103)= 15249 o 11977
(314,13375).&(352,13339)=(333-+19,13357+-18)=(19;9)o(37;1)= 7021 o 26013 (138/2*377) : 138
(1672,8741).&(1336,10715)=(1504+-168,9728-+987)=(32,21)o(8,47)= 4641 o 39353

(212,13451) (2006)
(314,13375) (138)
(352,13339) (377)
(388,13301) (598)
(622,12959) (1711)
(718,12769) (42)
(1018,11969) (87)
(1138,11551) (442)
(1286,10945) (2714)
(1336,10715) (182)
(1528,9691) (161)
(1618,9119) (986)
(1672,8741) (102) 
(1942,6271) (767)
(1958,6079) (826)
(1964,6005) (406)
(2018,5281) (391)
(2102,3839) (39)
(2164,2165) (177)
(2186,1025) (119)
(2192,229) (1334)

----
164063991 (vs 3953)

689 o 238119 
(4,9)o(5,487)=(1903,5143)&(1993,3623) (1537)(377)
(4,9)o(25,463)=(1627,7967)&(2077,367) (442)(1802)
(4,9)o(31,449)=(1517,8753)&(2075,671) (2438)(598)
(4,9)o(61,311)=(1793,6473)&(695,12071) (182)(742)
(4,9)o(79,31)=(587,12287)&(835,11729) (159)(39)

377 o 438183
(2,15)o(29,635)=(835,11729)&(1705,7321) (39)(87)
(2,15)o(37,619)=(683,12097)&(1793,6473) (406)(182)
(2,15)o(79,445)=(295,12679)&(2075,671) (1334)(598)
(2,15)o(103,179)=(1187,10513)&(1903,5143) (689)(1537)
(2,15)o(107,11)=(1583,8297)&(1627,7967) (986)(442)

39962 o 16422 
(19,162)o(1,128)=/(1135,10729)&(1297,10007) (102)(161)
(19,162)o(13,100)=/(103,12793)&(2003,3407) (119)(138)
(19,162)o(19,52)=/(1045,11071)&(2033,2647) (391)(42)

(2033,2647)&(2075,671)=(2054-+21,1659+-988)=(26,21)&(1,79) = 26129 o 6279 
(2003,3407)&(2033,2647)=(2018-+15,3027+-380)=(2,3)&(5,1009) = 161 o 1019031
(1135,10729)&(2075,671)=(1605-+470,5700+-5029)=(15,47)&(10,107) = 10759 o 15249

(8,39)o(103,12793) (119)
(8,39)o(295,12679) (1334)
(8,39)o(587,12287) (159)
(8,39)o(683,12097) (406)
(8,39)o(695,12071) (742)
(8,39)o(835,11729) (39)
(8,39)o(1045,11071) (391)
(8,39)o(1135,10729) (102)
(8,39)o(1187,10513) (689)
(8,39)o(1297,10007) (161)
(8,39)o(1517,8753) (2438)
(8,39)o(1583,8297) (986)
(8,39)o(1627,7967) (442)
(8,39)o(1705,7321) (87)
(8,39)o(1793,6473) (182)
(8,39)o(1903,5143) (1537)
(8,39)o(1993,3623) (377)
(8,39)o(2003,3407) (138)
(8,39)o(2033,2647) (42)
(8,39)o(2075,671) (598)
(8,39)o(2077,367) (1802)





-----
3953 o 164063991 
#21
(8,39)o(103,12793)=(102344-+4017,498927+-31312)=(98327,530239)&(106361,467615) (14042) (15946)
(8,39)o(295,12679)=(101432-+11505,494481+-89680)=(89927,584161)&(112937,404801) (39353) (44689)
(8,39)o(587,12287)=(98296-+22893,479193+-178448)=(75403,657641)&(121189,300745) (21306) (18762) 
(8,39)o(683,12097)=(96776-+26637,471783+-207632)=(70139,679415)&(123403,264151) (13601) (11977)
(8,39)o(695,12071)=(96568-+27105,470769+-211280)=(69463,682049)&(123673,259489) (21889) (22827)
(8,39)o(835,11729)=(93832-+32565,457431+-253840)=(61267,711271)&(126397,203591) (4602) (5226)
(8,39)o(1045,11071)=(88568-+40755,431769+-317680)=(47813,749449)&(129323,114089) (46138) (52394)
(8,39)o(1135,10729)=(85832-+44265,418431+-345040)=(41567,763471)&(130097,73391) (3417) (3009)
(8,39)o(1187,10513)=(84104-+46293,410007+-360848)=(37811,770855)&(130397,49159) (92326) (81302)
(8,39)o(1297,10007)=(80056-+50583,394288+-390273)=(29473,784561)&(130639,4015) (21574) (18998)
(8,39)o(1517,8753)=(70024-+59163,461168+-341367)=(10861,802535)&(129187,119801) (71921) (81673)
(8,39)o(1583,8297)=(66376-+61737,481232+-323583)=(4639,804819)&(128113,157649) (29087) (33031)
(8,39)o(1627,7967)=(63736-+63453,494608+-310713)=(283,805321)&(127189,183895) (14807) (13039)
(8,39)o(1705,7321)=(66495-+58568,518320+-285519)=(7927,803839)&(125063,232801) (11658) (10266)
(8,39)o(1793,6473)=(69927-+51784,545072+-252447)=(18143,797519)&(121711,292625) (5369) (6097)
(8,39)o(1903,5143)=(74217-+41144,578512+-200577)=(33073,779089)&(115361,377935) (181366) (205958)
(8,39)o(1993,3623)=(77727-+28984,605872+-141297)=(48743,747169)&(106711,464575) (50518) (44486)
(8,39)o(2003,3407)=(78117-+27256,608912+-132873)=(50861,741785)&(105373,476039) (4623) (4071)
(8,39)o(2033,2647)=(79287-+21176,618032+-103233)=(58111,721265)&(100463,514799) (1239) (1407)
(8,39)o(2075,671)=(80925-+5368,630800+-26169)=(75557,656969)&(86293,604631) (17641) (20033)
(8,39)o(2077,367)=(81003-+2936,631408+-14313)=(78067,645721)&(83939,617095) (53159) (60367)

----
3551 o 182637273
#21
(5,51)o(212,13451)=(67255-+10812,686001+-40280)=(56443,726281)&(78067,645721) (67201) (53159)
(5,51)o(314,13375)=(66875-+16014,682125+-59660)=(50861,741785)&(82889,622565) (4623) (3657)
(5,51)o(352,13339)=(66695-+17952,680289+-66880)=(48743,747169)&(83647,613409) (50518) (39962)
(5,51)o(388,13301)=(66505-+19788,678351+-73720)=(46717,752071)&(86293,604631) (15847) (20033)
(5,51)o(622,12959)=(64795-+31722,660909+-118180)=(33073,779089)&(96517,542729) (181366) (229274)
(5,51)o(718,12769)=(63845-+36618,651219+-136420)=(26227,787639)&(100463,514799) (1113) (1407)
(5,51)o(1018,11969)=(59845-+51918,610419+-193420)=(7927,803839)&(111763,416999) (11658) (9222)
(5,51)o(1138,11551)=(58038-+57755,589101+-216220)=(283,805321)&(115793,372881) (14807) (11713)
(5,51)o(1286,10945)=(65586-+54725,558195+-244340)=(10861,802535)&(120311,313855) (71921) (90919)
(5,51)o(1336,10715)=(68136-+53575,546465+-253840)=(14561,800305)&(121711,292625) (4823) (6097)
(5,51)o(1528,9691)=(77928-+48455,494241+-290320)=(29473,784561)&(126383,203921) (21574) (17066)
(5,51)o(1618,9119)=(82518-+45595,465069+-307420)=(36923,772489)&(128113,157649) (26129) (33031)
(5,51)o(1672,8741)=(85272-+43705,445791+-317680)=(41567,763471)&(128977,128111) (3417) (2703) 
(5,51)o(1942,6271)=(99042-+31355,368980+-319821)=(67687,688801)&(130397,49159) (102778) (81302)
(5,51)o(1958,6079)=(99858-+30395,372020+-310029)=(69463,682049)&(130253,61991) (21889) (27671)
(5,51)o(1964,6005)=(100164-+30025,373160+-306255)=(70139,679415)&(130189,66905) (13601) (10759)
(5,51)o(2018,5281)=(102918-+26405,383420+-269331)=(76513,652751)&(129323,114089) (41446) (52394)
(5,51)o(2102,3839)=(107202-+19195,399380+-195789)=(88007,595169)&(126397,203591) (4134) (5226)
(5,51)o(2164,2165)=(110364-+10825,411160+-110415)=(99539,521575)&(121189,300745) (23718) (18762)
(5,51)o(2186,1025)=(111486-+5125,415340+-52275)=(106361,467615)&(116611,363085) (15946) (12614)
(5,51)o(2192,229)=(111792-+1145,416480+-11679)=(110647,428159)&(112937,404801) (35351) (44689)

Déterminer le découpage spécial :
6191094 o 419018 :
(103,126)o(379,856)=(88168-+47754,1483406+-107856)=/(20207,795631)&(67961,687775)
182637273 o 3551 :
(352,13339)=(66695-+17952,680289+-66880)=(48743,747169)&(83647,613409)

(48743,747169)&(20207,795631)=(34475+-14268,771400-+24231)=(175,123)o(116,197)=(1178879 = 377*3127)o(550137 = 69*7973)
(Découpage spécial : 67961,687775 donc ?)
(48743,747169)&(67961,687775)=(58352+-9609,717472-+29697)=(3;112)o(521;3203)=(25259)o(le reste)

----
419018o6191094
#11
(103,126)o(5,2488)=(256264-+630,313488+-19570)/=(127817,166529)&(128447,146959) (6902) (897)
(103,126)o(139,2336)=(240608-+17514,544046+-294336)/=(111547,419191)&(129061,124855) (2737) (2262)
(103,126)o(181,2224)=(229072-+22806,708434+-280224)/=(103133,494329)&(125939,214105) (273) (22678)
(103,126)o(241,1996)=(205588-+30366,943274+-251496)/=(87611,597385)&(117977,345889) (1479) (4186)
(103,126)o(271,1844)=(189932-+34146,1060694+-232344)/=(77893,646519)&(112039,414175) (9338) (663)
(103,126)o(331,1424)=(146672-+41706,1295534+-179424)/=(52483,737479)&(94189,558055) (6409) (966)
(103,126)o(335,1388)=(142964-+42210,1311190+-174888)/=(50377,743039)&(92587,568151) (2346) (2639)
(103,126)o(389,664)=(68392-+49014,1522546+-83664)/=(9689,803105)&(58703,719441) (10166) (609)
(103,126)o(395,512)=(52736-+49770,1546030+-64512)/=(1483,805271)&(51253,740759) (2001) (3094)
(103,126)o(401,284)=(50526-+29252,1569514+-35784)/=(10637,802649)&(39889,766865) (714) (8671)
(103,126)o(379,856)=(88168-+47754,1483406+-107856)/=(20207,795631)&(67961,687775) (419018) (1)

(129323,114089) <=> (52394)
(128447,146959).&(129323,114089)=(,130524+-16435 (19*impair))
(129061,124855).&(129323,114089)=(,119472+-5373 (38))
(125939,214105).&(129323,114089)=(,+-50008 (38))
(117977,345889).&(129323,114089)=(,+-115900 (38))
(112039,414175).&(129323,114089)=(,264132+-150043 (19*impair))
(94189,558055).&(129323,114089)=(,336072 (38)+-221983 ())
(50377,743039).&(129323,114089)(428564 (38 *11278)+-)
suite = mentalement...

---
(283,805321) (14807)
(1483,805271) (2001)
(4639,804819) (29087)
(7927,803839) (11658)
(9689,803105) (10166)
(10637,802649) (714)
(10861,802535) (71921)
(14561,800305) (4823)
(18143,797519) (5369)
(20207,795631) (419018)
(26227,787639) (1113)
(29473,784561) (21574)
(33073,779089) (181366)
(36923,772489) (26129)
(37811,770855) (92326)
(39889,766865) (8671)
(41567,763471) (3417)
(46717,752071) (15647)
(47813,749449) (46138)
(48743,747169) (50518)
(50377,743039) (2346)
(50861,741785) (4623)
(51253,740759) (3094)
(52483,737479) (6409)
(56443,726281) (67201)
(58111,721265) (1239)
(58703,719441) (609)
(61267,711271) (4602)
(67687,688801) (102778)
(69463,682049) (21889)
(70139,679415) (13601)
(75403,657641) (21306)
(75557,656969) (35282)
(76513,652751) (41446)
(77893,646519) (9338)
(78067,645721) (53159)
(82889,622565) (3657)
(83939,617095) (60367)
(84647,613409) (39962) 
(86293,604631) (20033)
(87611,597385) (1479)
(88007,595169) (4134)
(89927,584161) (39353)
(92587,568151) (2639)
(94189,558055) (966)
(96517,542729) (229274)
(98327,530239) (14042)
(99539,521575) (23718)
(100463,514799) (1407)
(103133,494329) (273)
(105373,476039) (4071)
(106361,467615) (15946)
(106711,464575) (44486)
(110647,428159) (35351)
(111547,419191) (2737)
(111763,416999) (9222)
(112039,414175) (663)
(112937,404801) (44689)
(115361,377935) (205958) 
(115793,372881) (11713)
(116611,363085) (12614)
(117977,345889) (4186)
(120311,313855) (90919)
(121189,300745) (18762)
(121711,292625) (6097)
(123403,264151) (11977)
(123673,259489) (22827)
(125063,232801) (10266)
(125939,214105) (22678)
(126383,203921) (17066)
(126397,203591) (5226)
(127189,183895) (13039)
(127817,166529) (6902)
(128113,157649) (33031)
(128447,146959) (897)
(128977,128111) (2703)
(129061,124855) (2262)
(129187,119801) (81673)
(129323,114089) (52394)
(130097,73391) (3009)
(130189,66905) (10759)
(130253,61991) (27671)
(130397,49159) (81302)
(130639,4015) (18998)
(67961,687775) (1)