2 ou 3 facteurs, 3 mod 8

35
51
91
115
195
235
267
403

1 facteur (plus 2), dégénéré
89
233
274

2 facteurs, 7 mod 8

87
247

2 facteurs, 1 mod 4

110
170
174
182
201
222
237
246
249
286
309
318
366
370
393
417
430
473
493
517
533
565
606
610
670
685
813
814
817
826
913
942
973
1030
1090
1162
1177
1222
1258
1558
1978

3 facteurs (plus 2)

231
255
665
714
741
930
1309
1330
1482
1729
1830
3094 

4 facteurs OU PLUS (plus 2)

1155
3003
4389
8778
21945

1729 : 
5 : 133+117
11 : 343+988
31 et 59 (1829) :
310 = 247+63 ; 590 = 247+343
37 (1850) : 133+52